place(-6.659, 0.951, -30.945, "Pyromancer", 900)
upgrade(-6.659, 2.304, -30.945, 325)
SetTarget(-6.659, 2.304, -30.945, "Random")
upgrade(-6.659, 2.304, -30.945, 1000)
upgrade(-6.659, 2.304, -30.945, 1750)
place(6.060, 1.393, 28.095, "Crook Boss", 1600)
upgrade(6.060, 2.743, 28.095, 1150)
upgrade(6.060, 2.743, 28.095, 3400)
place(2.794, 1.424, 27.966, "Crook Boss", 1600)
upgrade(2.794, 2.774, 27.966, 1150)
upgrade(2.794, 2.774, 27.966, 3400)
place(6.658, 1.331, 22.400, "Crook Boss", 1600)
upgrade(6.658, 2.681, 22.400, 1150)
place(3.372, 1.367, 22.393, "Crook Boss", 1600)
upgrade(3.372, 2.717, 22.393, 1150)
upgrade(6.658, 2.681, 22.400, 3400)
